# Tarea 28 Parte 1: Libreria FPU IEEE 754 doble precision para NB-64
# Subrutinas implementadas: fp_add, fp_sub, fp_mul, fp_div
# Instruccion FPU_OP = 00000100 (1 byte) llama al coprocesador fpu.py
# Protocolo: A en RAM[0xE0..0xE7], B en RAM[0xE8..0xEF], op en RAM[0xF0]
# Resultado siempre en RAM[0xF1..0xF8] (FPU_RES, float64 IEEE 754 big-endian)
# Demostraciones (usar Step para ver resultado de cada una en RAM[0xF1..0xF8]):
#   fp_add(4.0, 2.0) = 6.0
#   fp_sub(8.0, 2.0) = 6.0
#   fp_mul(4.0, 2.0) = 8.0
#   fp_div(8.0, 2.0) = 4.0  <- resultado final al HALT
#
10000000
00001000
00000000
00000000
11000100
00000000
00000000
00000000
00000000
00000000
00011100
00000000
10000000
00000010
00000000
00000000
11000100
00000000
00000000
00000000
00000000
00000000
00011100
00100000
10000000
00001000
00000000
00000000
11000100
00000000
00000000
00000000
00000000
00000000
00011101
00000000
10000000
00000000
00100000
00000000
11000100
00000000
00000000
00000000
00000000
00000000
00011110
00000000
00000100
10000000
00001000
00000000
00000000
11000100
00000000
00000000
00000000
00000000
00000000
00011100
00000000
10000000
00000100
00000000
00000000
11000100
00000000
00000000
00000000
00000000
00000000
00011100
00100000
10000000
00001000
00000000
00000000
11000100
00000000
00000000
00000000
00000000
00000000
00011101
00000000
10000000
00000000
01000000
00000000
11000100
00000000
00000000
00000000
00000000
00000000
00011110
00000000
00000100
10000000
00001000
00000000
00000000
11000100
00000000
00000000
00000000
00000000
00000000
00011100
00000000
10000000
00000010
00000000
00000000
11000100
00000000
00000000
00000000
00000000
00000000
00011100
00100000
10000000
00001000
00000000
00000000
11000100
00000000
00000000
00000000
00000000
00000000
00011101
00000000
10000000
00000000
01100000
00000000
11000100
00000000
00000000
00000000
00000000
00000000
00011110
00000000
00000100
10000000
00001000
00000000
00000000
11000100
00000000
00000000
00000000
00000000
00000000
00011100
00000000
10000000
00000100
00000000
00000000
11000100
00000000
00000000
00000000
00000000
00000000
00011100
00100000
10000000
00001000
00000000
00000000
11000100
00000000
00000000
00000000
00000000
00000000
00011101
00000000
10000000
00000000
10000000
00000000
11000100
00000000
00000000
00000000
00000000
00000000
00011110
00000000
00000100
00000001
